495, 398, 272, 401, 402, 20, 22, 23, 24, 25, 26, 27, 412, 414, 415, 28, 440, 333, 83, 84, 273, 274, 
474, 1, 2, 475, 4, 101, 102, 369, 8, 9, 62, 61, 209, 21, 183, 376, 201, 219, 29, 30, 296, 
258, 3, 5, 6, 7, 16, 259, 286, 295, 297, 298, 299, 301, 303, 49, 50, 482, 210, 479, 480, 481, 226, 489, 490, 425, 380, 426, 
428, 10, 11, 12, 435, 278, 279, 280, 281, 282, 290, 291, 292, 37, 38, 43, 44, 45, 46, 47, 48, 179, 180, 181, 182, 313, 446, 447, 65, 323, 324, 325, 326, 71, 72, 73, 74, 75, 79, 80, 81, 340, 341, 342, 344, 345, 346, 347, 348, 327, 365, 
64, 352, 354, 434, 353, 328, 329, 266, 331, 332, 13, 14, 15, 432, 337, 418, 19, 417, 433, 330, 
192, 98, 39, 40, 41, 42, 177, 17, 18, 217, 218, 
32, 33, 293, 294, 78, 343, 441, 442, 31, 
160, 161, 34, 67, 36, 443, 444, 419, 270, 271, 82, 35, 285, 277, 420, 59, 60, 221, 222, 159, 
135, 136, 143, 157, 164, 165, 166, 167, 302, 51, 448, 450, 451, 198, 199, 458, 76, 77, 462, 461, 208, 470, 472, 473, 90, 478, 363, 109, 110, 111, 112, 114, 248, 249, 250, 251, 252, 253, 
260, 261, 399, 403, 404, 405, 406, 288, 416, 423, 424, 427, 52, 53, 54, 55, 57, 58, 189, 190, 63, 321, 322, 438, 437, 439, 211, 436, 231, 234, 235, 366, 367, 368, 375, 362, 
384, 385, 389, 390, 391, 413, 421, 422, 308, 309, 56, 66, 334, 335, 336, 338, 349, 350, 351, 97, 488, 492, 493, 494, 373, 382, 383, 
257, 262, 263, 264, 395, 304, 68, 69, 70, 339, 213, 214, 215, 216, 223, 224, 225, 228, 229, 236, 240, 241, 242, 245, 246, 254, 
96, 289, 374, 265, 202, 203, 300, 476, 207, 287, 85, 86, 445, 477, 91, 92, 93, 94, 95, 
449, 392, 139, 103, 104, 140, 106, 107, 108, 141, 142, 144, 113, 170, 87, 457, 169, 168, 460, 138, 459, 
129, 131, 132, 137, 267, 151, 153, 171, 172, 173, 174, 175, 176, 456, 184, 185, 186, 187, 188, 191, 193, 194, 195, 196, 197, 454, 455, 200, 206, 463, 468, 469, 88, 89, 105, 115, 116, 123, 124, 
256, 99, 100, 357, 358, 359, 360, 361, 371, 237, 238, 239, 370, 355, 212, 372, 356, 255, 
128, 162, 133, 134, 464, 465, 275, 276, 117, 118, 471, 152, 156, 
163, 452, 453, 429, 430, 431, 119, 121, 122, 158, 127, 
130, 268, 204, 178, 467, 205, 466, 145, 146, 147, 148, 149, 150, 120, 364, 154, 155, 125, 126, 
386, 387, 388, 220, 411, 269, 397, 400, 283, 284, 
393, 394, 396, 409, 410, 486, 314, 315, 316, 317, 318, 319, 320, 483, 227, 484, 485, 230, 487, 232, 233, 491, 247, 377, 378, 379, 
243, 244, 
305, 306, 307, 310, 311, 312, 381, 
408, 407, 
